75 0.000198721357174
8686 0.000190205478446
9678 0.000188337048424
5104 0.000187795344194
725 0.000186793163696
3257 0.000185721642348
468 0.000184900195704
7730 0.000183938391996
7175 0.000183838928154
5526 0.000182843425429
8880 0.000182589240891
6165 0.000181381637958
2524 0.000179768112400
7531 0.000177955207133
9705 0.000177273571918
6674 0.000176715430663
5479 0.000176315287308
8730 0.000175446926167
5486 0.000174638000221
579 0.000174636519956
4969 0.000173954675109
5602 0.000173741745481
5467 0.000173498444005
1741 0.000173181350470
4499 0.000172231489889
3334 0.000172115440501
4561 0.000171797636315
43 0.000171688172040
9083 0.000171594561652
989 0.000170789197190
5919 0.000170363566471
7157 0.000169223949337
5883 0.000168874806582
646 0.000168113848806
9884 0.000168015685462
2414 0.000167870644867
486 0.000167678493397
6364 0.000167304284321
2387 0.000167216289900
2932 0.000167195684813
2588 0.000166905822522
1963 0.000166628944767
6147 0.000166013936159
4304 0.000165995969897
5142 0.000165700339328
5823 0.000165619326529
2229 0.000165610221935
3094 0.000165457967584
5029 0.000165415915633
8294 0.000165232498456
260 0.000165040348740
3331 0.000164997387038
5390 0.000164972095733
9674 0.000164796684685
5786 0.000164428531375
1506 0.000164330988578
4049 0.000163902006439
1750 0.000163900330967
2213 0.000163838830412
1932 0.000163792251177
3794 0.000163764671632
3790 0.000163753038697
1879 0.000163577422733
9768 0.000163379445970
9325 0.000163182241076
209 0.000163144964423
9106 0.000163099114810
6248 0.000162700111312
3029 0.000162626647240
9134 0.000162286083646
1486 0.000162264747651
2549 0.000162118998148
4613 0.000162029722236
40 0.000161910697349
3190 0.000161781447755
511 0.000161761231765
3350 0.000161624480596
9067 0.000161451919089
2711 0.000161165730361
664 0.000161143948425
5191 0.000160987992308
2180 0.000160935084522
9677 0.000160922141713
407 0.000160884692633
9817 0.000160757456698
6403 0.000160653525524
2880 0.000160451651280
1289 0.000160412184917
4602 0.000160365291584
9464 0.000160202104504
3534 0.000160195137622
9272 0.000159829860414
2123 0.000159680074119
2191 0.000159509187979
7887 0.000159399546367
3610 0.000159394867784
604 0.000159062070574
8160 0.000158965690673
9645 0.000158934906676
5206 0.000158829977453
