75 0.000198721375231
8686 0.000190205495775
9678 0.000188337066154
5104 0.000187795362583
725 0.000186793181237
3257 0.000185721659839
468 0.000184900213538
7730 0.000183938408695
7175 0.000183838945160
5526 0.000182843442091
8880 0.000182589257951
6165 0.000181381654835
2524 0.000179768130165
7531 0.000177955223045
9705 0.000177273587864
6674 0.000176715446897
5479 0.000176315304217
8730 0.000175446942386
5486 0.000174638015958
579 0.000174636536057
4969 0.000173954690885
5602 0.000173741761124
5467 0.000173498460114
1741 0.000173181366079
4499 0.000172231504980
3334 0.000172115457005
4561 0.000171797652743
43 0.000171688188833
9083 0.000171594576647
989 0.000170789213394
5919 0.000170363582958
7157 0.000169223964958
5883 0.000168874823312
646 0.000168113863750
9884 0.000168015700744
2414 0.000167870659647
486 0.000167678509194
6364 0.000167304299980
2387 0.000167216306065
2932 0.000167195699265
2588 0.000166905837527
1963 0.000166628959568
6147 0.000166013951764
4304 0.000165995984324
5142 0.000165700355612
5823 0.000165619342334
2229 0.000165610238049
3094 0.000165457982683
5029 0.000165415931128
8294 0.000165232513089
260 0.000165040363711
3331 0.000164997402004
5390 0.000164972110340
9674 0.000164796700567
5786 0.000164428547321
1506 0.000164331003795
4049 0.000163902020842
1750 0.000163900347234
2213 0.000163838846758
1932 0.000163792267128
3794 0.000163764686952
3790 0.000163753054169
1879 0.000163577436956
9768 0.000163379460055
9325 0.000163182256385
209 0.000163144980802
9106 0.000163099129846
6248 0.000162700125600
3029 0.000162626661817
9134 0.000162286097519
1486 0.000162264762673
2549 0.000162119013078
4613 0.000162029737814
40 0.000161910711392
3190 0.000161781462995
511 0.000161761246376
3350 0.000161624496008
9067 0.000161451933746
2711 0.000161165744659
664 0.000161143963382
5191 0.000160988006486
2180 0.000160935099254
9677 0.000160922157877
407 0.000160884707659
9817 0.000160757472597
6403 0.000160653540824
2880 0.000160451667263
1289 0.000160412199651
4602 0.000160365306581
9464 0.000160202119441
3534 0.000160195152406
9272 0.000159829875978
2123 0.000159680089383
2191 0.000159509202428
7887 0.000159399561248
3610 0.000159394882368
604 0.000159062085207
8160 0.000158965705684
9645 0.000158934920969
5206 0.000158829992415
